StoneMazePathBig,1891,1899,3762,3770
StoneMazePath,1912,1914,3768,3770
StoneMazePathBig,1903,1911,3765,3773
StoneMazePath,1894,1896,3759,3761
StoneMazePath,1894,1896,3771,3773
StoneMazePath,1891,1893,3771,3773
StoneMazePath,1912,1914,3765,3767
StoneMazePath,1897,1899,3771,3773
StoneMazeEndChest,1900,1902,3765,3767
StoneMazePath,1897,1899,3759,3761
StoneMazeEndChest,1897,1899,3774,3776
StoneMazePath,1912,1914,3762,3764
StoneMazePath,1912,1914,3759,3761
StoneMazePath,1909,1911,3759,3761
StoneMazePath,1900,1902,3759,3761
StoneMazePath,1891,1893,3759,3761
StoneMazeEndChest,1909,1911,3762,3764
StoneMazePath,1894,1896,3774,3776
StoneMazePath,1903,1905,3759,3761
StoneMazePath,1891,1893,3756,3758
StoneMazeEndChest,1894,1896,3756,3758
StoneMazePath,1900,1902,3768,3770
StoneMazePath,1891,1893,3774,3776
StoneMazePath,1900,1902,3756,3758
StoneMazePath,1894,1896,3777,3779
StoneMazePath,1897,1899,3777,3779
StoneMazePath,1906,1908,3759,3761
StoneMazeEndChest,1903,1905,3756,3758
StoneMazePath,1900,1902,3771,3773
StoneMazeEndChest,1891,1893,3777,3779
StoneMazePath,1900,1902,3777,3779
StoneMazePath,1903,1905,3777,3779
StoneMazePath,1903,1905,3774,3776
StoneMazePath,1900,1902,3774,3776
StoneMazeSmall,1891,1914,3756,3779
